{
 "cells": [
  {
   "cell_type": "markdown",
   "metadata": {},
   "source": [
    "# Singular Value Decomposition\n",
    "Author: Pierre Nugues"
   ]
  },
  {
   "cell_type": "markdown",
   "metadata": {},
   "source": [
    "Principal component analysis on characters of Salammbô. French and English chapters"
   ]
  },
  {
   "cell_type": "code",
   "execution_count": 1,
   "metadata": {},
   "outputs": [],
   "source": [
    "import numpy as np\n",
    "from sklearn.preprocessing import StandardScaler, Normalizer\n",
    "import matplotlib.pyplot as plt\n",
    "from mpl_toolkits.mplot3d import Axes3D\n",
    "from sklearn.decomposition import PCA\n",
    "from statistics import mean, stdev"
   ]
  },
  {
   "cell_type": "markdown",
   "metadata": {},
   "source": [
    "## Utilities"
   ]
  },
  {
   "cell_type": "markdown",
   "metadata": {},
   "source": [
    "### We build the indices"
   ]
  },
  {
   "cell_type": "code",
   "execution_count": 2,
   "metadata": {},
   "outputs": [],
   "source": [
    "def merge_dicts(dict_list):\n",
    "    \"\"\"\n",
    "    Merges a list of dictionaries\n",
    "    :param dict_list:\n",
    "    :return:\n",
    "    \"\"\"\n",
    "    dict_collector = {}\n",
    "    for dict in dict_list:\n",
    "        for key in dict:\n",
    "            if key in dict_collector:\n",
    "                dict_collector[key] += dict[key]\n",
    "            else:\n",
    "                dict_collector[key] = dict[key]\n",
    "    return dict_collector\n",
    "\n",
    "\n",
    "def build_idx_from_list(documents):\n",
    "    \"\"\"\n",
    "    Builds indexes for the documents (rows)\n",
    "    Build reverse index\n",
    "    :param documents:\n",
    "    :param chars:\n",
    "    :return:\n",
    "    \"\"\"\n",
    "    idx2doc = {idx: file for idx, file in enumerate(documents)}\n",
    "    doc2idx = {value: key for key, value in idx2doc.items()}\n",
    "    return doc2idx, idx2doc\n",
    "\n",
    "\n",
    "def build_idx_from_dict(chars):\n",
    "    \"\"\"\n",
    "    Builds indexes for the characters (columns)\n",
    "    Build reverse index\n",
    "    :param documents:\n",
    "    :param chars:\n",
    "    :return:\n",
    "    \"\"\"\n",
    "    idx2char = {idx: char for idx, char in enumerate(sorted(chars.keys()))}\n",
    "    char2idx = {value: key for key, value in idx2char.items()}\n",
    "    return char2idx, idx2char"
   ]
  },
  {
   "cell_type": "markdown",
   "metadata": {},
   "source": [
    "### We count the letters"
   ]
  },
  {
   "cell_type": "code",
   "execution_count": 3,
   "metadata": {},
   "outputs": [],
   "source": [
    "def count_letters(text, lc=True):\n",
    "    letter_count = {}\n",
    "    if lc:\n",
    "        text = text.lower()\n",
    "    for letter in text:\n",
    "        if letter.lower().isalpha():\n",
    "            if letter in letter_count:\n",
    "                letter_count[letter] += 1\n",
    "            else:\n",
    "                letter_count[letter] = 1\n",
    "    return letter_count"
   ]
  },
  {
   "cell_type": "markdown",
   "metadata": {},
   "source": [
    "### We build the matrices"
   ]
  },
  {
   "cell_type": "code",
   "execution_count": 4,
   "metadata": {},
   "outputs": [],
   "source": [
    "def build_matrix(doc2idx, idx2doc, char2idx, idx2char, counts_by_chapter):\n",
    "    X = np.zeros((len(doc2idx.keys()), len(char2idx.keys())))\n",
    "    for i in idx2doc.keys():\n",
    "        for j in idx2char.keys():\n",
    "            if idx2char[j] in counts_by_chapter[i]:\n",
    "                X[i, j] = counts_by_chapter[i][idx2char[j]]\n",
    "    return X\n",
    "\n",
    "\n",
    "def print_matrix(idx2doc, idx2char, X):\n",
    "    print(\",\", end='')\n",
    "    for i in idx2char.keys():\n",
    "        print(idx2char[i], \", \", end='')\n",
    "    print()\n",
    "    for i in idx2doc.keys():\n",
    "        print(idx2doc[i], \", \", end='')\n",
    "        for j in idx2char.keys():\n",
    "            print(X[i, j], \", \", end='')\n",
    "        print()"
   ]
  },
  {
   "cell_type": "markdown",
   "metadata": {},
   "source": [
    "## The document by character matrix"
   ]
  },
  {
   "cell_type": "markdown",
   "metadata": {},
   "source": [
    "### We create the file names"
   ]
  },
  {
   "cell_type": "code",
   "execution_count": 5,
   "metadata": {},
   "outputs": [
    {
     "data": {
      "text/plain": [
       "['1_fr',\n",
       " '2_fr',\n",
       " '3_fr',\n",
       " '4_fr',\n",
       " '5_fr',\n",
       " '6_fr',\n",
       " '7_fr',\n",
       " '8_fr',\n",
       " '9_fr',\n",
       " '10_fr',\n",
       " '11_fr',\n",
       " '12_fr',\n",
       " '13_fr',\n",
       " '14_fr',\n",
       " '15_fr',\n",
       " '1_en',\n",
       " '2_en',\n",
       " '3_en',\n",
       " '4_en',\n",
       " '5_en',\n",
       " '6_en',\n",
       " '7_en',\n",
       " '8_en',\n",
       " '9_en',\n",
       " '10_en',\n",
       " '11_en',\n",
       " '12_en',\n",
       " '13_en',\n",
       " '14_en',\n",
       " '15_en']"
      ]
     },
     "execution_count": 5,
     "metadata": {},
     "output_type": "execute_result"
    }
   ],
   "source": [
    "np.set_printoptions(precision=4)\n",
    "\n",
    "base = '../../corpus/Salammbo/'\n",
    "english_chapters = ['salammbo_en_ch01.txt', 'salammbo_en_ch02.txt', 'salammbo_en_ch03.txt',\n",
    "                    'salammbo_en_ch04.txt', 'salammbo_en_ch05.txt', 'salammbo_en_ch06.txt',\n",
    "                    'salammbo_en_ch07.txt', 'salammbo_en_ch08.txt', 'salammbo_en_ch09.txt',\n",
    "                    'salammbo_en_ch10.txt', 'salammbo_en_ch11.txt', 'salammbo_en_ch12.txt',\n",
    "                    'salammbo_en_ch13.txt', 'salammbo_en_ch14.txt', 'salammbo_en_ch15.txt']\n",
    "french_chapters = ['salammbo_ch01.txt', 'salammbo_ch02.txt', 'salammbo_ch03.txt',\n",
    "                   'salammbo_ch04.txt', 'salammbo_ch05.txt', 'salammbo_ch06.txt',\n",
    "                   'salammbo_ch07.txt', 'salammbo_ch08.txt', 'salammbo_ch09.txt',\n",
    "                   'salammbo_ch10.txt', 'salammbo_ch11.txt', 'salammbo_ch12.txt',\n",
    "                   'salammbo_ch13.txt', 'salammbo_ch14.txt', 'salammbo_ch15.txt']\n",
    "\n",
    "french_labels = [str(i + 1) + '_fr' for i in range(15)]\n",
    "english_labels = [str(i + 1) + '_en' for i in range(15)]\n",
    "y_name = french_labels + english_labels\n",
    "y_name"
   ]
  },
  {
   "cell_type": "markdown",
   "metadata": {},
   "source": [
    "### The document indices"
   ]
  },
  {
   "cell_type": "code",
   "execution_count": 6,
   "metadata": {},
   "outputs": [
    {
     "name": "stdout",
     "output_type": "stream",
     "text": [
      "{'salammbo_ch01.txt': 0, 'salammbo_ch02.txt': 1, 'salammbo_ch03.txt': 2, 'salammbo_ch04.txt': 3, 'salammbo_ch05.txt': 4, 'salammbo_ch06.txt': 5, 'salammbo_ch07.txt': 6, 'salammbo_ch08.txt': 7, 'salammbo_ch09.txt': 8, 'salammbo_ch10.txt': 9, 'salammbo_ch11.txt': 10, 'salammbo_ch12.txt': 11, 'salammbo_ch13.txt': 12, 'salammbo_ch14.txt': 13, 'salammbo_ch15.txt': 14, 'salammbo_en_ch01.txt': 15, 'salammbo_en_ch02.txt': 16, 'salammbo_en_ch03.txt': 17, 'salammbo_en_ch04.txt': 18, 'salammbo_en_ch05.txt': 19, 'salammbo_en_ch06.txt': 20, 'salammbo_en_ch07.txt': 21, 'salammbo_en_ch08.txt': 22, 'salammbo_en_ch09.txt': 23, 'salammbo_en_ch10.txt': 24, 'salammbo_en_ch11.txt': 25, 'salammbo_en_ch12.txt': 26, 'salammbo_en_ch13.txt': 27, 'salammbo_en_ch14.txt': 28, 'salammbo_en_ch15.txt': 29}\n",
      "{0: 'salammbo_ch01.txt', 1: 'salammbo_ch02.txt', 2: 'salammbo_ch03.txt', 3: 'salammbo_ch04.txt', 4: 'salammbo_ch05.txt', 5: 'salammbo_ch06.txt', 6: 'salammbo_ch07.txt', 7: 'salammbo_ch08.txt', 8: 'salammbo_ch09.txt', 9: 'salammbo_ch10.txt', 10: 'salammbo_ch11.txt', 11: 'salammbo_ch12.txt', 12: 'salammbo_ch13.txt', 13: 'salammbo_ch14.txt', 14: 'salammbo_ch15.txt', 15: 'salammbo_en_ch01.txt', 16: 'salammbo_en_ch02.txt', 17: 'salammbo_en_ch03.txt', 18: 'salammbo_en_ch04.txt', 19: 'salammbo_en_ch05.txt', 20: 'salammbo_en_ch06.txt', 21: 'salammbo_en_ch07.txt', 22: 'salammbo_en_ch08.txt', 23: 'salammbo_en_ch09.txt', 24: 'salammbo_en_ch10.txt', 25: 'salammbo_en_ch11.txt', 26: 'salammbo_en_ch12.txt', 27: 'salammbo_en_ch13.txt', 28: 'salammbo_en_ch14.txt', 29: 'salammbo_en_ch15.txt'}\n"
     ]
    }
   ],
   "source": [
    "# We build a doc x char matrix, where each document is represented in the character space.\n",
    "y = french_chapters + english_chapters\n",
    "ec = [base + file for file in english_chapters]\n",
    "fc = [base + file for file in french_chapters]\n",
    "# Document index and reverse index\n",
    "doc2idx, idx2doc = build_idx_from_list(y)\n",
    "print(doc2idx)\n",
    "print(idx2doc)"
   ]
  },
  {
   "cell_type": "markdown",
   "metadata": {},
   "source": [
    "### The counts"
   ]
  },
  {
   "cell_type": "code",
   "execution_count": 7,
   "metadata": {},
   "outputs": [
    {
     "name": "stdout",
     "output_type": "stream",
     "text": [
      "{'l': 49802, 'e': 136695, 'f': 15588, 's': 79656, 't': 80132, 'i': 64741, 'n': 64813, 'c': 26028, 'é': 7709, 'a': 81495, 'à': 1884, 'm': 25199, 'g': 15214, 'r': 63212, 'u': 41660, 'b': 13515, 'o': 55353, 'd': 41514, 'h': 40959, 'j': 1531, 'q': 4356, 'v': 11007, 'p': 21954, 'y': 7873, 'x': 2846, 'î': 277, 'z': 866, 'è': 2002, 'ù': 179, 'â': 605, 'ê': 898, 'ç': 452, 'û': 213, 'ô': 397, 'œ': 96, 'ï': 66, 'k': 3556, 'ë': 6, 'æ': 9, 'w': 11072}\n"
     ]
    }
   ],
   "source": [
    "counts_by_chapter = []\n",
    "for file in fc + ec:\n",
    "    text = open(file).read()\n",
    "    counts = count_letters(text)\n",
    "    counts_by_chapter.append(counts)\n",
    "total_counts = merge_dicts(counts_by_chapter)\n",
    "print(total_counts)"
   ]
  },
  {
   "cell_type": "markdown",
   "metadata": {},
   "source": [
    "### The indices"
   ]
  },
  {
   "cell_type": "code",
   "execution_count": 8,
   "metadata": {},
   "outputs": [
    {
     "name": "stdout",
     "output_type": "stream",
     "text": [
      "{'a': 0, 'b': 1, 'c': 2, 'd': 3, 'e': 4, 'f': 5, 'g': 6, 'h': 7, 'i': 8, 'j': 9, 'k': 10, 'l': 11, 'm': 12, 'n': 13, 'o': 14, 'p': 15, 'q': 16, 'r': 17, 's': 18, 't': 19, 'u': 20, 'v': 21, 'w': 22, 'x': 23, 'y': 24, 'z': 25, 'à': 26, 'â': 27, 'æ': 28, 'ç': 29, 'è': 30, 'é': 31, 'ê': 32, 'ë': 33, 'î': 34, 'ï': 35, 'ô': 36, 'ù': 37, 'û': 38, 'œ': 39}\n",
      "{0: 'a', 1: 'b', 2: 'c', 3: 'd', 4: 'e', 5: 'f', 6: 'g', 7: 'h', 8: 'i', 9: 'j', 10: 'k', 11: 'l', 12: 'm', 13: 'n', 14: 'o', 15: 'p', 16: 'q', 17: 'r', 18: 's', 19: 't', 20: 'u', 21: 'v', 22: 'w', 23: 'x', 24: 'y', 25: 'z', 26: 'à', 27: 'â', 28: 'æ', 29: 'ç', 30: 'è', 31: 'é', 32: 'ê', 33: 'ë', 34: 'î', 35: 'ï', 36: 'ô', 37: 'ù', 38: 'û', 39: 'œ'}\n"
     ]
    }
   ],
   "source": [
    "char2idx, idx2char = build_idx_from_dict(total_counts)\n",
    "# Character index and reverse index\n",
    "print(char2idx)\n",
    "print(idx2char)"
   ]
  },
  {
   "cell_type": "markdown",
   "metadata": {},
   "source": [
    "### The matrices"
   ]
  },
  {
   "cell_type": "code",
   "execution_count": 9,
   "metadata": {},
   "outputs": [
    {
     "name": "stdout",
     "output_type": "stream",
     "text": [
      ",a , b , c , d , e , f , g , h , i , j , k , l , m , n , o , p , q , r , s , t , u , v , w , x , y , z , à , â , æ , ç , è , é , ê , ë , î , ï , ô , ù , û , œ , \n",
      "salammbo_ch01.txt , 2503.0 , 365.0 , 857.0 , 1151.0 , 4312.0 , 264.0 , 349.0 , 295.0 , 1945.0 , 65.0 , 4.0 , 1946.0 , 726.0 , 1896.0 , 1372.0 , 789.0 , 248.0 , 1948.0 , 2996.0 , 1938.0 , 1792.0 , 414.0 , 0.0 , 129.0 , 94.0 , 20.0 , 128.0 , 36.0 , 0.0 , 35.0 , 102.0 , 423.0 , 43.0 , 1.0 , 17.0 , 2.0 , 20.0 , 14.0 , 7.0 , 5.0 , \n",
      "salammbo_ch02.txt , 2992.0 , 391.0 , 1006.0 , 1388.0 , 4993.0 , 319.0 , 360.0 , 350.0 , 2345.0 , 81.0 , 6.0 , 2128.0 , 823.0 , 2308.0 , 1560.0 , 977.0 , 281.0 , 2376.0 , 3454.0 , 2411.0 , 2069.0 , 499.0 , 0.0 , 175.0 , 89.0 , 23.0 , 136.0 , 50.0 , 1.0 , 28.0 , 147.0 , 513.0 , 68.0 , 0.0 , 20.0 , 0.0 , 20.0 , 9.0 , 9.0 , 5.0 , \n",
      "salammbo_ch03.txt , 1042.0 , 152.0 , 326.0 , 489.0 , 1785.0 , 136.0 , 122.0 , 126.0 , 784.0 , 41.0 , 7.0 , 816.0 , 397.0 , 778.0 , 612.0 , 315.0 , 102.0 , 792.0 , 1174.0 , 856.0 , 707.0 , 147.0 , 0.0 , 42.0 , 31.0 , 7.0 , 39.0 , 9.0 , 0.0 , 10.0 , 49.0 , 194.0 , 24.0 , 0.0 , 12.0 , 0.0 , 27.0 , 4.0 , 7.0 , 2.0 , \n",
      "salammbo_ch04.txt , 2487.0 , 303.0 , 864.0 , 1137.0 , 4158.0 , 314.0 , 331.0 , 287.0 , 2028.0 , 57.0 , 3.0 , 1796.0 , 722.0 , 1958.0 , 1318.0 , 773.0 , 274.0 , 2000.0 , 2792.0 , 2031.0 , 1734.0 , 422.0 , 0.0 , 138.0 , 81.0 , 27.0 , 110.0 , 43.0 , 0.0 , 22.0 , 138.0 , 424.0 , 36.0 , 0.0 , 15.0 , 2.0 , 15.0 , 6.0 , 4.0 , 8.0 , \n",
      "salammbo_ch05.txt , 2014.0 , 268.0 , 645.0 , 949.0 , 3394.0 , 223.0 , 215.0 , 242.0 , 1617.0 , 67.0 , 3.0 , 1513.0 , 651.0 , 1547.0 , 1053.0 , 672.0 , 166.0 , 1601.0 , 2192.0 , 1736.0 , 1396.0 , 315.0 , 1.0 , 83.0 , 67.0 , 18.0 , 90.0 , 67.0 , 0.0 , 24.0 , 112.0 , 367.0 , 44.0 , 1.0 , 11.0 , 8.0 , 23.0 , 18.0 , 15.0 , 7.0 , \n",
      "salammbo_ch06.txt , 2805.0 , 368.0 , 910.0 , 1266.0 , 4535.0 , 332.0 , 384.0 , 378.0 , 2219.0 , 97.0 , 3.0 , 1900.0 , 841.0 , 2179.0 , 1569.0 , 868.0 , 285.0 , 2205.0 , 3065.0 , 2293.0 , 1895.0 , 453.0 , 0.0 , 151.0 , 80.0 , 39.0 , 131.0 , 42.0 , 0.0 , 30.0 , 122.0 , 548.0 , 57.0 , 0.0 , 15.0 , 12.0 , 15.0 , 14.0 , 15.0 , 9.0 , \n",
      "salammbo_ch07.txt , 5062.0 , 706.0 , 1770.0 , 2398.0 , 8512.0 , 623.0 , 622.0 , 620.0 , 4018.0 , 126.0 , 19.0 , 3726.0 , 1596.0 , 3851.0 , 2823.0 , 1532.0 , 468.0 , 4015.0 , 5634.0 , 4116.0 , 3518.0 , 844.0 , 0.0 , 272.0 , 148.0 , 71.0 , 246.0 , 50.0 , 1.0 , 46.0 , 232.0 , 966.0 , 96.0 , 2.0 , 42.0 , 9.0 , 41.0 , 30.0 , 38.0 , 9.0 , \n",
      "salammbo_ch08.txt , 2643.0 , 325.0 , 869.0 , 1085.0 , 4229.0 , 307.0 , 317.0 , 359.0 , 2102.0 , 85.0 , 4.0 , 1857.0 , 811.0 , 2041.0 , 1367.0 , 833.0 , 239.0 , 2132.0 , 2814.0 , 2134.0 , 1788.0 , 437.0 , 0.0 , 135.0 , 64.0 , 30.0 , 130.0 , 43.0 , 0.0 , 34.0 , 119.0 , 502.0 , 54.0 , 0.0 , 11.0 , 1.0 , 14.0 , 6.0 , 8.0 , 5.0 , \n",
      "salammbo_ch09.txt , 2126.0 , 289.0 , 771.0 , 920.0 , 3599.0 , 278.0 , 289.0 , 279.0 , 1805.0 , 52.0 , 6.0 , 1499.0 , 619.0 , 1711.0 , 1130.0 , 651.0 , 187.0 , 1719.0 , 2404.0 , 1763.0 , 1448.0 , 348.0 , 0.0 , 119.0 , 58.0 , 20.0 , 90.0 , 24.0 , 2.0 , 16.0 , 99.0 , 370.0 , 43.0 , 1.0 , 8.0 , 2.0 , 13.0 , 5.0 , 15.0 , 3.0 , \n",
      "salammbo_ch10.txt , 1784.0 , 249.0 , 546.0 , 805.0 , 3002.0 , 179.0 , 202.0 , 215.0 , 1319.0 , 60.0 , 5.0 , 1462.0 , 598.0 , 1246.0 , 922.0 , 557.0 , 172.0 , 1242.0 , 1769.0 , 1423.0 , 1191.0 , 270.0 , 0.0 , 65.0 , 61.0 , 11.0 , 73.0 , 18.0 , 0.0 , 16.0 , 68.0 , 304.0 , 53.0 , 0.0 , 15.0 , 5.0 , 38.0 , 3.0 , 10.0 , 5.0 , \n",
      "salammbo_ch11.txt , 2641.0 , 381.0 , 817.0 , 1078.0 , 4306.0 , 263.0 , 277.0 , 330.0 , 1985.0 , 114.0 , 0.0 , 1886.0 , 900.0 , 1966.0 , 1356.0 , 763.0 , 230.0 , 1912.0 , 2564.0 , 2218.0 , 1737.0 , 425.0 , 0.0 , 114.0 , 61.0 , 25.0 , 101.0 , 40.0 , 0.0 , 34.0 , 108.0 , 438.0 , 68.0 , 1.0 , 26.0 , 15.0 , 50.0 , 7.0 , 9.0 , 7.0 , \n",
      "salammbo_ch12.txt , 2766.0 , 373.0 , 935.0 , 1237.0 , 4618.0 , 329.0 , 350.0 , 349.0 , 2273.0 , 65.0 , 2.0 , 1955.0 , 812.0 , 2285.0 , 1419.0 , 865.0 , 272.0 , 2276.0 , 3131.0 , 2274.0 , 1923.0 , 455.0 , 0.0 , 149.0 , 98.0 , 37.0 , 129.0 , 33.0 , 0.0 , 23.0 , 151.0 , 480.0 , 60.0 , 0.0 , 13.0 , 3.0 , 15.0 , 11.0 , 14.0 , 0.0 , \n",
      "salammbo_ch13.txt , 5047.0 , 725.0 , 1730.0 , 2273.0 , 8678.0 , 648.0 , 566.0 , 642.0 , 3940.0 , 140.0 , 22.0 , 3746.0 , 1597.0 , 3984.0 , 2736.0 , 1550.0 , 425.0 , 4081.0 , 5599.0 , 4387.0 , 3480.0 , 767.0 , 0.0 , 288.0 , 119.0 , 41.0 , 209.0 , 55.0 , 3.0 , 61.0 , 237.0 , 940.0 , 126.0 , 0.0 , 32.0 , 5.0 , 37.0 , 24.0 , 30.0 , 13.0 , \n",
      "salammbo_ch14.txt , 5312.0 , 689.0 , 1754.0 , 2149.0 , 8870.0 , 628.0 , 630.0 , 673.0 , 4278.0 , 143.0 , 2.0 , 3780.0 , 1610.0 , 4255.0 , 2713.0 , 1599.0 , 512.0 , 4271.0 , 5770.0 , 4467.0 , 3697.0 , 914.0 , 0.0 , 283.0 , 145.0 , 41.0 , 224.0 , 75.0 , 0.0 , 56.0 , 260.0 , 1019.0 , 94.0 , 0.0 , 28.0 , 2.0 , 45.0 , 21.0 , 21.0 , 12.0 , \n",
      "salammbo_ch15.txt , 1215.0 , 173.0 , 402.0 , 582.0 , 2195.0 , 150.0 , 134.0 , 148.0 , 969.0 , 27.0 , 6.0 , 950.0 , 387.0 , 906.0 , 697.0 , 417.0 , 103.0 , 985.0 , 1395.0 , 1037.0 , 893.0 , 206.0 , 0.0 , 63.0 , 36.0 , 3.0 , 48.0 , 20.0 , 2.0 , 17.0 , 58.0 , 221.0 , 32.0 , 0.0 , 12.0 , 0.0 , 24.0 , 7.0 , 11.0 , 6.0 , \n",
      "salammbo_en_ch01.txt , 2217.0 , 451.0 , 729.0 , 1316.0 , 3967.0 , 596.0 , 662.0 , 2060.0 , 1823.0 , 22.0 , 200.0 , 1204.0 , 656.0 , 1851.0 , 1897.0 , 525.0 , 19.0 , 1764.0 , 1942.0 , 2547.0 , 704.0 , 258.0 , 653.0 , 29.0 , 401.0 , 18.0 , 0.0 , 0.0 , 0.0 , 0.0 , 0.0 , 0.0 , 0.0 , 0.0 , 0.0 , 0.0 , 0.0 , 0.0 , 0.0 , 0.0 , \n",
      "salammbo_en_ch02.txt , 2761.0 , 551.0 , 777.0 , 1548.0 , 4543.0 , 685.0 , 769.0 , 2530.0 , 2163.0 , 13.0 , 284.0 , 1319.0 , 829.0 , 2218.0 , 2237.0 , 606.0 , 21.0 , 2019.0 , 2411.0 , 3083.0 , 861.0 , 295.0 , 769.0 , 37.0 , 475.0 , 31.0 , 0.0 , 0.0 , 0.0 , 0.0 , 0.0 , 0.0 , 0.0 , 0.0 , 0.0 , 0.0 , 0.0 , 0.0 , 0.0 , 0.0 , \n",
      "salammbo_en_ch03.txt , 990.0 , 183.0 , 271.0 , 557.0 , 1570.0 , 279.0 , 253.0 , 875.0 , 783.0 , 4.0 , 82.0 , 520.0 , 333.0 , 816.0 , 828.0 , 194.0 , 13.0 , 711.0 , 864.0 , 1048.0 , 298.0 , 94.0 , 254.0 , 8.0 , 145.0 , 15.0 , 0.0 , 0.0 , 0.0 , 0.0 , 0.0 , 0.0 , 0.0 , 0.0 , 0.0 , 0.0 , 0.0 , 0.0 , 0.0 , 0.0 , \n",
      "salammbo_en_ch04.txt , 2274.0 , 454.0 , 736.0 , 1315.0 , 3814.0 , 595.0 , 559.0 , 1978.0 , 1835.0 , 22.0 , 198.0 , 1073.0 , 690.0 , 1771.0 , 1865.0 , 514.0 , 33.0 , 1726.0 , 1918.0 , 2704.0 , 745.0 , 245.0 , 663.0 , 60.0 , 467.0 , 19.0 , 0.0 , 0.0 , 0.0 , 0.0 , 0.0 , 0.0 , 0.0 , 0.0 , 0.0 , 0.0 , 0.0 , 0.0 , 0.0 , 0.0 , \n",
      "salammbo_en_ch05.txt , 1865.0 , 400.0 , 553.0 , 1135.0 , 3210.0 , 515.0 , 525.0 , 1693.0 , 1482.0 , 7.0 , 153.0 , 949.0 , 571.0 , 1468.0 , 1586.0 , 517.0 , 17.0 , 1357.0 , 1646.0 , 2178.0 , 663.0 , 194.0 , 568.0 , 26.0 , 330.0 , 33.0 , 0.0 , 0.0 , 0.0 , 0.0 , 0.0 , 0.0 , 0.0 , 0.0 , 0.0 , 0.0 , 0.0 , 0.0 , 0.0 , 0.0 , \n",
      "salammbo_en_ch06.txt , 2606.0 , 518.0 , 797.0 , 1509.0 , 4237.0 , 687.0 , 669.0 , 2254.0 , 2097.0 , 26.0 , 216.0 , 1239.0 , 763.0 , 2174.0 , 2231.0 , 613.0 , 25.0 , 1931.0 , 2192.0 , 2955.0 , 899.0 , 277.0 , 733.0 , 49.0 , 464.0 , 37.0 , 0.0 , 0.0 , 0.0 , 0.0 , 0.0 , 0.0 , 0.0 , 0.0 , 0.0 , 0.0 , 0.0 , 0.0 , 0.0 , 0.0 , \n",
      "salammbo_en_ch07.txt , 4805.0 , 913.0 , 1521.0 , 2681.0 , 7834.0 , 1366.0 , 1163.0 , 4379.0 , 3838.0 , 42.0 , 416.0 , 2434.0 , 1461.0 , 3816.0 , 4091.0 , 1040.0 , 39.0 , 3674.0 , 4060.0 , 5369.0 , 1552.0 , 465.0 , 1332.0 , 74.0 , 843.0 , 52.0 , 0.0 , 0.0 , 0.0 , 0.0 , 0.0 , 0.0 , 0.0 , 0.0 , 0.0 , 0.0 , 0.0 , 0.0 , 0.0 , 0.0 , \n",
      "salammbo_en_ch08.txt , 2396.0 , 431.0 , 702.0 , 1416.0 , 4014.0 , 621.0 , 624.0 , 2171.0 , 2011.0 , 24.0 , 216.0 , 1152.0 , 748.0 , 2085.0 , 1947.0 , 527.0 , 33.0 , 1915.0 , 1966.0 , 2765.0 , 789.0 , 266.0 , 695.0 , 65.0 , 379.0 , 24.0 , 0.0 , 0.0 , 0.0 , 0.0 , 0.0 , 0.0 , 0.0 , 0.0 , 0.0 , 0.0 , 0.0 , 0.0 , 0.0 , 0.0 , \n",
      "salammbo_en_ch09.txt , 1993.0 , 408.0 , 653.0 , 1096.0 , 3373.0 , 575.0 , 517.0 , 1766.0 , 1648.0 , 16.0 , 146.0 , 861.0 , 629.0 , 1728.0 , 1698.0 , 442.0 , 20.0 , 1561.0 , 1626.0 , 2442.0 , 683.0 , 208.0 , 560.0 , 25.0 , 328.0 , 18.0 , 0.0 , 0.0 , 0.0 , 0.0 , 0.0 , 0.0 , 0.0 , 0.0 , 0.0 , 0.0 , 0.0 , 0.0 , 0.0 , 0.0 , \n",
      "salammbo_en_ch10.txt , 1627.0 , 359.0 , 451.0 , 933.0 , 2690.0 , 477.0 , 409.0 , 1475.0 , 1196.0 , 7.0 , 131.0 , 789.0 , 506.0 , 1266.0 , 1369.0 , 325.0 , 23.0 , 1211.0 , 1344.0 , 1759.0 , 502.0 , 181.0 , 410.0 , 31.0 , 255.0 , 20.0 , 0.0 , 0.0 , 0.0 , 0.0 , 0.0 , 0.0 , 0.0 , 0.0 , 0.0 , 0.0 , 0.0 , 0.0 , 0.0 , 0.0 , \n",
      "salammbo_en_ch11.txt , 2375.0 , 437.0 , 643.0 , 1364.0 , 3790.0 , 610.0 , 644.0 , 2217.0 , 1830.0 , 16.0 , 217.0 , 1122.0 , 799.0 , 1833.0 , 1948.0 , 486.0 , 23.0 , 1720.0 , 1945.0 , 2424.0 , 767.0 , 246.0 , 632.0 , 20.0 , 457.0 , 39.0 , 0.0 , 0.0 , 0.0 , 0.0 , 0.0 , 0.0 , 0.0 , 0.0 , 0.0 , 0.0 , 0.0 , 0.0 , 0.0 , 0.0 , \n",
      "salammbo_en_ch12.txt , 2560.0 , 489.0 , 757.0 , 1566.0 , 4331.0 , 677.0 , 650.0 , 2348.0 , 2033.0 , 28.0 , 234.0 , 1102.0 , 746.0 , 2125.0 , 2105.0 , 581.0 , 32.0 , 1939.0 , 2152.0 , 3046.0 , 750.0 , 278.0 , 721.0 , 35.0 , 418.0 , 40.0 , 0.0 , 0.0 , 0.0 , 0.0 , 0.0 , 0.0 , 0.0 , 0.0 , 0.0 , 0.0 , 0.0 , 0.0 , 0.0 , 0.0 , \n",
      "salammbo_en_ch13.txt , 4597.0 , 987.0 , 1462.0 , 2689.0 , 7963.0 , 1254.0 , 1201.0 , 4278.0 , 3634.0 , 39.0 , 432.0 , 2281.0 , 1493.0 , 3774.0 , 3911.0 , 1099.0 , 49.0 , 3577.0 , 3894.0 , 5540.0 , 1379.0 , 437.0 , 1374.0 , 77.0 , 673.0 , 49.0 , 0.0 , 0.0 , 0.0 , 0.0 , 0.0 , 0.0 , 0.0 , 0.0 , 0.0 , 0.0 , 0.0 , 0.0 , 0.0 , 0.0 , \n",
      "salammbo_en_ch14.txt , 4871.0 , 948.0 , 1439.0 , 2799.0 , 8179.0 , 1335.0 , 1140.0 , 4534.0 , 3829.0 , 36.0 , 427.0 , 2218.0 , 1534.0 , 4053.0 , 3989.0 , 1019.0 , 36.0 , 3689.0 , 3946.0 , 5858.0 , 1490.0 , 539.0 , 1377.0 , 90.0 , 856.0 , 49.0 , 0.0 , 0.0 , 0.0 , 0.0 , 0.0 , 0.0 , 0.0 , 0.0 , 0.0 , 0.0 , 0.0 , 0.0 , 0.0 , 0.0 , \n",
      "salammbo_en_ch15.txt , 1119.0 , 229.0 , 335.0 , 683.0 , 1994.0 , 323.0 , 281.0 , 1108.0 , 912.0 , 9.0 , 112.0 , 579.0 , 351.0 , 924.0 , 1004.0 , 305.0 , 9.0 , 863.0 , 997.0 , 1330.0 , 310.0 , 108.0 , 330.0 , 14.0 , 150.0 , 9.0 , 0.0 , 0.0 , 0.0 , 0.0 , 0.0 , 0.0 , 0.0 , 0.0 , 0.0 , 0.0 , 0.0 , 0.0 , 0.0 , 0.0 , \n",
      ",salammbo_ch01.txt , salammbo_ch02.txt , salammbo_ch03.txt , salammbo_ch04.txt , salammbo_ch05.txt , salammbo_ch06.txt , salammbo_ch07.txt , salammbo_ch08.txt , salammbo_ch09.txt , salammbo_ch10.txt , salammbo_ch11.txt , salammbo_ch12.txt , salammbo_ch13.txt , salammbo_ch14.txt , salammbo_ch15.txt , salammbo_en_ch01.txt , salammbo_en_ch02.txt , salammbo_en_ch03.txt , salammbo_en_ch04.txt , salammbo_en_ch05.txt , salammbo_en_ch06.txt , salammbo_en_ch07.txt , salammbo_en_ch08.txt , salammbo_en_ch09.txt , salammbo_en_ch10.txt , salammbo_en_ch11.txt , salammbo_en_ch12.txt , salammbo_en_ch13.txt , salammbo_en_ch14.txt , salammbo_en_ch15.txt , \n",
      "a , 2503.0 , 2992.0 , 1042.0 , 2487.0 , 2014.0 , 2805.0 , 5062.0 , 2643.0 , 2126.0 , 1784.0 , 2641.0 , 2766.0 , 5047.0 , 5312.0 , 1215.0 , 2217.0 , 2761.0 , 990.0 , 2274.0 , 1865.0 , 2606.0 , 4805.0 , 2396.0 , 1993.0 , 1627.0 , 2375.0 , 2560.0 , 4597.0 , 4871.0 , 1119.0 , \n",
      "b , 365.0 , 391.0 , 152.0 , 303.0 , 268.0 , 368.0 , 706.0 , 325.0 , 289.0 , 249.0 , 381.0 , 373.0 , 725.0 , 689.0 , 173.0 , 451.0 , 551.0 , 183.0 , 454.0 , 400.0 , 518.0 , 913.0 , 431.0 , 408.0 , 359.0 , 437.0 , 489.0 , 987.0 , 948.0 , 229.0 , \n",
      "c , 857.0 , 1006.0 , 326.0 , 864.0 , 645.0 , 910.0 , 1770.0 , 869.0 , 771.0 , 546.0 , 817.0 , 935.0 , 1730.0 , 1754.0 , 402.0 , 729.0 , 777.0 , 271.0 , 736.0 , 553.0 , 797.0 , 1521.0 , 702.0 , 653.0 , 451.0 , 643.0 , 757.0 , 1462.0 , 1439.0 , 335.0 , \n",
      "d , 1151.0 , 1388.0 , 489.0 , 1137.0 , 949.0 , 1266.0 , 2398.0 , 1085.0 , 920.0 , 805.0 , 1078.0 , 1237.0 , 2273.0 , 2149.0 , 582.0 , 1316.0 , 1548.0 , 557.0 , 1315.0 , 1135.0 , 1509.0 , 2681.0 , 1416.0 , 1096.0 , 933.0 , 1364.0 , 1566.0 , 2689.0 , 2799.0 , 683.0 , \n",
      "e , 4312.0 , 4993.0 , 1785.0 , 4158.0 , 3394.0 , 4535.0 , 8512.0 , 4229.0 , 3599.0 , 3002.0 , 4306.0 , 4618.0 , 8678.0 , 8870.0 , 2195.0 , 3967.0 , 4543.0 , 1570.0 , 3814.0 , 3210.0 , 4237.0 , 7834.0 , 4014.0 , 3373.0 , 2690.0 , 3790.0 , 4331.0 , 7963.0 , 8179.0 , 1994.0 , \n",
      "f , 264.0 , 319.0 , 136.0 , 314.0 , 223.0 , 332.0 , 623.0 , 307.0 , 278.0 , 179.0 , 263.0 , 329.0 , 648.0 , 628.0 , 150.0 , 596.0 , 685.0 , 279.0 , 595.0 , 515.0 , 687.0 , 1366.0 , 621.0 , 575.0 , 477.0 , 610.0 , 677.0 , 1254.0 , 1335.0 , 323.0 , \n",
      "g , 349.0 , 360.0 , 122.0 , 331.0 , 215.0 , 384.0 , 622.0 , 317.0 , 289.0 , 202.0 , 277.0 , 350.0 , 566.0 , 630.0 , 134.0 , 662.0 , 769.0 , 253.0 , 559.0 , 525.0 , 669.0 , 1163.0 , 624.0 , 517.0 , 409.0 , 644.0 , 650.0 , 1201.0 , 1140.0 , 281.0 , \n",
      "h , 295.0 , 350.0 , 126.0 , 287.0 , 242.0 , 378.0 , 620.0 , 359.0 , 279.0 , 215.0 , 330.0 , 349.0 , 642.0 , 673.0 , 148.0 , 2060.0 , 2530.0 , 875.0 , 1978.0 , 1693.0 , 2254.0 , 4379.0 , 2171.0 , 1766.0 , 1475.0 , 2217.0 , 2348.0 , 4278.0 , 4534.0 , 1108.0 , \n",
      "i , 1945.0 , 2345.0 , 784.0 , 2028.0 , 1617.0 , 2219.0 , 4018.0 , 2102.0 , 1805.0 , 1319.0 , 1985.0 , 2273.0 , 3940.0 , 4278.0 , 969.0 , 1823.0 , 2163.0 , 783.0 , 1835.0 , 1482.0 , 2097.0 , 3838.0 , 2011.0 , 1648.0 , 1196.0 , 1830.0 , 2033.0 , 3634.0 , 3829.0 , 912.0 , \n",
      "j , 65.0 , 81.0 , 41.0 , 57.0 , 67.0 , 97.0 , 126.0 , 85.0 , 52.0 , 60.0 , 114.0 , 65.0 , 140.0 , 143.0 , 27.0 , 22.0 , 13.0 , 4.0 , 22.0 , 7.0 , 26.0 , 42.0 , 24.0 , 16.0 , 7.0 , 16.0 , 28.0 , 39.0 , 36.0 , 9.0 , \n",
      "k , 4.0 , 6.0 , 7.0 , 3.0 , 3.0 , 3.0 , 19.0 , 4.0 , 6.0 , 5.0 , 0.0 , 2.0 , 22.0 , 2.0 , 6.0 , 200.0 , 284.0 , 82.0 , 198.0 , 153.0 , 216.0 , 416.0 , 216.0 , 146.0 , 131.0 , 217.0 , 234.0 , 432.0 , 427.0 , 112.0 , \n",
      "l , 1946.0 , 2128.0 , 816.0 , 1796.0 , 1513.0 , 1900.0 , 3726.0 , 1857.0 , 1499.0 , 1462.0 , 1886.0 , 1955.0 , 3746.0 , 3780.0 , 950.0 , 1204.0 , 1319.0 , 520.0 , 1073.0 , 949.0 , 1239.0 , 2434.0 , 1152.0 , 861.0 , 789.0 , 1122.0 , 1102.0 , 2281.0 , 2218.0 , 579.0 , \n",
      "m , 726.0 , 823.0 , 397.0 , 722.0 , 651.0 , 841.0 , 1596.0 , 811.0 , 619.0 , 598.0 , 900.0 , 812.0 , 1597.0 , 1610.0 , 387.0 , 656.0 , 829.0 , 333.0 , 690.0 , 571.0 , 763.0 , 1461.0 , 748.0 , 629.0 , 506.0 , 799.0 , 746.0 , 1493.0 , 1534.0 , 351.0 , \n",
      "n , 1896.0 , 2308.0 , 778.0 , 1958.0 , 1547.0 , 2179.0 , 3851.0 , 2041.0 , 1711.0 , 1246.0 , 1966.0 , 2285.0 , 3984.0 , 4255.0 , 906.0 , 1851.0 , 2218.0 , 816.0 , 1771.0 , 1468.0 , 2174.0 , 3816.0 , 2085.0 , 1728.0 , 1266.0 , 1833.0 , 2125.0 , 3774.0 , 4053.0 , 924.0 , \n",
      "o , 1372.0 , 1560.0 , 612.0 , 1318.0 , 1053.0 , 1569.0 , 2823.0 , 1367.0 , 1130.0 , 922.0 , 1356.0 , 1419.0 , 2736.0 , 2713.0 , 697.0 , 1897.0 , 2237.0 , 828.0 , 1865.0 , 1586.0 , 2231.0 , 4091.0 , 1947.0 , 1698.0 , 1369.0 , 1948.0 , 2105.0 , 3911.0 , 3989.0 , 1004.0 , \n",
      "p , 789.0 , 977.0 , 315.0 , 773.0 , 672.0 , 868.0 , 1532.0 , 833.0 , 651.0 , 557.0 , 763.0 , 865.0 , 1550.0 , 1599.0 , 417.0 , 525.0 , 606.0 , 194.0 , 514.0 , 517.0 , 613.0 , 1040.0 , 527.0 , 442.0 , 325.0 , 486.0 , 581.0 , 1099.0 , 1019.0 , 305.0 , \n",
      "q , 248.0 , 281.0 , 102.0 , 274.0 , 166.0 , 285.0 , 468.0 , 239.0 , 187.0 , 172.0 , 230.0 , 272.0 , 425.0 , 512.0 , 103.0 , 19.0 , 21.0 , 13.0 , 33.0 , 17.0 , 25.0 , 39.0 , 33.0 , 20.0 , 23.0 , 23.0 , 32.0 , 49.0 , 36.0 , 9.0 , \n",
      "r , 1948.0 , 2376.0 , 792.0 , 2000.0 , 1601.0 , 2205.0 , 4015.0 , 2132.0 , 1719.0 , 1242.0 , 1912.0 , 2276.0 , 4081.0 , 4271.0 , 985.0 , 1764.0 , 2019.0 , 711.0 , 1726.0 , 1357.0 , 1931.0 , 3674.0 , 1915.0 , 1561.0 , 1211.0 , 1720.0 , 1939.0 , 3577.0 , 3689.0 , 863.0 , \n",
      "s , 2996.0 , 3454.0 , 1174.0 , 2792.0 , 2192.0 , 3065.0 , 5634.0 , 2814.0 , 2404.0 , 1769.0 , 2564.0 , 3131.0 , 5599.0 , 5770.0 , 1395.0 , 1942.0 , 2411.0 , 864.0 , 1918.0 , 1646.0 , 2192.0 , 4060.0 , 1966.0 , 1626.0 , 1344.0 , 1945.0 , 2152.0 , 3894.0 , 3946.0 , 997.0 , \n",
      "t , 1938.0 , 2411.0 , 856.0 , 2031.0 , 1736.0 , 2293.0 , 4116.0 , 2134.0 , 1763.0 , 1423.0 , 2218.0 , 2274.0 , 4387.0 , 4467.0 , 1037.0 , 2547.0 , 3083.0 , 1048.0 , 2704.0 , 2178.0 , 2955.0 , 5369.0 , 2765.0 , 2442.0 , 1759.0 , 2424.0 , 3046.0 , 5540.0 , 5858.0 , 1330.0 , \n",
      "u , 1792.0 , 2069.0 , 707.0 , 1734.0 , 1396.0 , 1895.0 , 3518.0 , 1788.0 , 1448.0 , 1191.0 , 1737.0 , 1923.0 , 3480.0 , 3697.0 , 893.0 , 704.0 , 861.0 , 298.0 , 745.0 , 663.0 , 899.0 , 1552.0 , 789.0 , 683.0 , 502.0 , 767.0 , 750.0 , 1379.0 , 1490.0 , 310.0 , \n",
      "v , 414.0 , 499.0 , 147.0 , 422.0 , 315.0 , 453.0 , 844.0 , 437.0 , 348.0 , 270.0 , 425.0 , 455.0 , 767.0 , 914.0 , 206.0 , 258.0 , 295.0 , 94.0 , 245.0 , 194.0 , 277.0 , 465.0 , 266.0 , 208.0 , 181.0 , 246.0 , 278.0 , 437.0 , 539.0 , 108.0 , \n",
      "w , 0.0 , 0.0 , 0.0 , 0.0 , 1.0 , 0.0 , 0.0 , 0.0 , 0.0 , 0.0 , 0.0 , 0.0 , 0.0 , 0.0 , 0.0 , 653.0 , 769.0 , 254.0 , 663.0 , 568.0 , 733.0 , 1332.0 , 695.0 , 560.0 , 410.0 , 632.0 , 721.0 , 1374.0 , 1377.0 , 330.0 , \n",
      "x , 129.0 , 175.0 , 42.0 , 138.0 , 83.0 , 151.0 , 272.0 , 135.0 , 119.0 , 65.0 , 114.0 , 149.0 , 288.0 , 283.0 , 63.0 , 29.0 , 37.0 , 8.0 , 60.0 , 26.0 , 49.0 , 74.0 , 65.0 , 25.0 , 31.0 , 20.0 , 35.0 , 77.0 , 90.0 , 14.0 , \n",
      "y , 94.0 , 89.0 , 31.0 , 81.0 , 67.0 , 80.0 , 148.0 , 64.0 , 58.0 , 61.0 , 61.0 , 98.0 , 119.0 , 145.0 , 36.0 , 401.0 , 475.0 , 145.0 , 467.0 , 330.0 , 464.0 , 843.0 , 379.0 , 328.0 , 255.0 , 457.0 , 418.0 , 673.0 , 856.0 , 150.0 , \n",
      "z , 20.0 , 23.0 , 7.0 , 27.0 , 18.0 , 39.0 , 71.0 , 30.0 , 20.0 , 11.0 , 25.0 , 37.0 , 41.0 , 41.0 , 3.0 , 18.0 , 31.0 , 15.0 , 19.0 , 33.0 , 37.0 , 52.0 , 24.0 , 18.0 , 20.0 , 39.0 , 40.0 , 49.0 , 49.0 , 9.0 , \n",
      "à , 128.0 , 136.0 , 39.0 , 110.0 , 90.0 , 131.0 , 246.0 , 130.0 , 90.0 , 73.0 , 101.0 , 129.0 , 209.0 , 224.0 , 48.0 , 0.0 , 0.0 , 0.0 , 0.0 , 0.0 , 0.0 , 0.0 , 0.0 , 0.0 , 0.0 , 0.0 , 0.0 , 0.0 , 0.0 , 0.0 , \n",
      "â , 36.0 , 50.0 , 9.0 , 43.0 , 67.0 , 42.0 , 50.0 , 43.0 , 24.0 , 18.0 , 40.0 , 33.0 , 55.0 , 75.0 , 20.0 , 0.0 , 0.0 , 0.0 , 0.0 , 0.0 , 0.0 , 0.0 , 0.0 , 0.0 , 0.0 , 0.0 , 0.0 , 0.0 , 0.0 , 0.0 , \n",
      "æ , 0.0 , 1.0 , 0.0 , 0.0 , 0.0 , 0.0 , 1.0 , 0.0 , 2.0 , 0.0 , 0.0 , 0.0 , 3.0 , 0.0 , 2.0 , 0.0 , 0.0 , 0.0 , 0.0 , 0.0 , 0.0 , 0.0 , 0.0 , 0.0 , 0.0 , 0.0 , 0.0 , 0.0 , 0.0 , 0.0 , \n",
      "ç , 35.0 , 28.0 , 10.0 , 22.0 , 24.0 , 30.0 , 46.0 , 34.0 , 16.0 , 16.0 , 34.0 , 23.0 , 61.0 , 56.0 , 17.0 , 0.0 , 0.0 , 0.0 , 0.0 , 0.0 , 0.0 , 0.0 , 0.0 , 0.0 , 0.0 , 0.0 , 0.0 , 0.0 , 0.0 , 0.0 , \n",
      "è , 102.0 , 147.0 , 49.0 , 138.0 , 112.0 , 122.0 , 232.0 , 119.0 , 99.0 , 68.0 , 108.0 , 151.0 , 237.0 , 260.0 , 58.0 , 0.0 , 0.0 , 0.0 , 0.0 , 0.0 , 0.0 , 0.0 , 0.0 , 0.0 , 0.0 , 0.0 , 0.0 , 0.0 , 0.0 , 0.0 , \n",
      "é , 423.0 , 513.0 , 194.0 , 424.0 , 367.0 , 548.0 , 966.0 , 502.0 , 370.0 , 304.0 , 438.0 , 480.0 , 940.0 , 1019.0 , 221.0 , 0.0 , 0.0 , 0.0 , 0.0 , 0.0 , 0.0 , 0.0 , 0.0 , 0.0 , 0.0 , 0.0 , 0.0 , 0.0 , 0.0 , 0.0 , \n",
      "ê , 43.0 , 68.0 , 24.0 , 36.0 , 44.0 , 57.0 , 96.0 , 54.0 , 43.0 , 53.0 , 68.0 , 60.0 , 126.0 , 94.0 , 32.0 , 0.0 , 0.0 , 0.0 , 0.0 , 0.0 , 0.0 , 0.0 , 0.0 , 0.0 , 0.0 , 0.0 , 0.0 , 0.0 , 0.0 , 0.0 , \n",
      "ë , 1.0 , 0.0 , 0.0 , 0.0 , 1.0 , 0.0 , 2.0 , 0.0 , 1.0 , 0.0 , 1.0 , 0.0 , 0.0 , 0.0 , 0.0 , 0.0 , 0.0 , 0.0 , 0.0 , 0.0 , 0.0 , 0.0 , 0.0 , 0.0 , 0.0 , 0.0 , 0.0 , 0.0 , 0.0 , 0.0 , \n",
      "î , 17.0 , 20.0 , 12.0 , 15.0 , 11.0 , 15.0 , 42.0 , 11.0 , 8.0 , 15.0 , 26.0 , 13.0 , 32.0 , 28.0 , 12.0 , 0.0 , 0.0 , 0.0 , 0.0 , 0.0 , 0.0 , 0.0 , 0.0 , 0.0 , 0.0 , 0.0 , 0.0 , 0.0 , 0.0 , 0.0 , \n",
      "ï , 2.0 , 0.0 , 0.0 , 2.0 , 8.0 , 12.0 , 9.0 , 1.0 , 2.0 , 5.0 , 15.0 , 3.0 , 5.0 , 2.0 , 0.0 , 0.0 , 0.0 , 0.0 , 0.0 , 0.0 , 0.0 , 0.0 , 0.0 , 0.0 , 0.0 , 0.0 , 0.0 , 0.0 , 0.0 , 0.0 , \n",
      "ô , 20.0 , 20.0 , 27.0 , 15.0 , 23.0 , 15.0 , 41.0 , 14.0 , 13.0 , 38.0 , 50.0 , 15.0 , 37.0 , 45.0 , 24.0 , 0.0 , 0.0 , 0.0 , 0.0 , 0.0 , 0.0 , 0.0 , 0.0 , 0.0 , 0.0 , 0.0 , 0.0 , 0.0 , 0.0 , 0.0 , \n",
      "ù , 14.0 , 9.0 , 4.0 , 6.0 , 18.0 , 14.0 , 30.0 , 6.0 , 5.0 , 3.0 , 7.0 , 11.0 , 24.0 , 21.0 , 7.0 , 0.0 , 0.0 , 0.0 , 0.0 , 0.0 , 0.0 , 0.0 , 0.0 , 0.0 , 0.0 , 0.0 , 0.0 , 0.0 , 0.0 , 0.0 , \n",
      "û , 7.0 , 9.0 , 7.0 , 4.0 , 15.0 , 15.0 , 38.0 , 8.0 , 15.0 , 10.0 , 9.0 , 14.0 , 30.0 , 21.0 , 11.0 , 0.0 , 0.0 , 0.0 , 0.0 , 0.0 , 0.0 , 0.0 , 0.0 , 0.0 , 0.0 , 0.0 , 0.0 , 0.0 , 0.0 , 0.0 , \n",
      "œ , 5.0 , 5.0 , 2.0 , 8.0 , 7.0 , 9.0 , 9.0 , 5.0 , 3.0 , 5.0 , 7.0 , 0.0 , 13.0 , 12.0 , 6.0 , 0.0 , 0.0 , 0.0 , 0.0 , 0.0 , 0.0 , 0.0 , 0.0 , 0.0 , 0.0 , 0.0 , 0.0 , 0.0 , 0.0 , 0.0 , \n"
     ]
    }
   ],
   "source": [
    "X = build_matrix(doc2idx, idx2doc, char2idx, idx2char, counts_by_chapter)\n",
    "print_matrix(idx2doc, idx2char, X)\n",
    "print_matrix(idx2char, idx2doc, X.T)"
   ]
  },
  {
   "cell_type": "markdown",
   "metadata": {},
   "source": [
    "## Scaling the matrices"
   ]
  },
  {
   "cell_type": "code",
   "execution_count": 10,
   "metadata": {},
   "outputs": [
    {
     "name": "stdout",
     "output_type": "stream",
     "text": [
      "mean A: 2716.5 stdev A: 1236.2119761594288\n",
      "Original: 2503.0 Standardized -0.17270500862100194\n"
     ]
    }
   ],
   "source": [
    "mean = np.mean(X[:, 0])\n",
    "std = np.std(X[:, 0])\n",
    "print('mean A:', mean, 'stdev A:', std)\n",
    "print('Original:', X[0, 0], 'Standardized', (X[0, 0] - mean) / std)\n",
    "\n",
    "# Boolean for normalization\n",
    "normalize = True\n",
    "# We scale the matrix\n",
    "# This preprocessing combination seems to have the best results: normalize and standardize\n",
    "if normalize:\n",
    "    X_norm = Normalizer().fit_transform(X)\n",
    "else:\n",
    "    X_norm = X\n",
    "X_scaled = StandardScaler().fit_transform(X_norm)"
   ]
  },
  {
   "cell_type": "markdown",
   "metadata": {},
   "source": [
    "## Computation of the PCA with sklearn"
   ]
  },
  {
   "cell_type": "code",
   "execution_count": 11,
   "metadata": {},
   "outputs": [
    {
     "name": "stdout",
     "output_type": "stream",
     "text": [
      "[[ 5.2199  0.376   0.6937]\n",
      " [ 5.125  -0.8897  1.6817]\n",
      " [ 5.1555  3.7735 -1.1216]\n",
      " [ 5.0176 -1.9599  0.5196]\n",
      " [ 6.6524  0.198  -1.3812]\n",
      " [ 5.5301 -1.6992 -1.6341]\n",
      " [ 5.4981 -0.479  -0.5495]\n",
      " [ 5.417  -2.2532 -0.449 ]\n",
      " [ 5.2669 -2.1786  1.7849]\n",
      " [ 5.5801  3.6995 -1.5625]\n",
      " [ 6.3973  1.3876 -3.7567]\n",
      " [ 4.6837 -3.0525  0.0156]\n",
      " [ 5.2072  0.2916  1.31  ]\n",
      " [ 5.3116 -1.5667  0.4665]\n",
      " [ 6.3454  3.7309  4.1498]\n",
      " [-5.2129  0.3976  1.4684]\n",
      " [-5.666   0.1537 -0.1098]\n",
      " [-5.5924 -0.6628 -1.7142]\n",
      " [-5.1102  0.4636  0.7549]\n",
      " [-5.8539  0.8692 -0.2062]\n",
      " [-5.4708 -1.2412 -0.3197]\n",
      " [-5.2463 -0.2334  0.139 ]\n",
      " [-5.0445 -1.5632  0.1945]\n",
      " [-5.3597 -0.9404  0.4364]\n",
      " [-5.7048  1.1977 -0.4483]\n",
      " [-5.6351  0.2643 -1.8299]\n",
      " [-5.7406 -0.5112 -0.1123]\n",
      " [-5.5443  0.8845  0.3861]\n",
      " [-5.5994  0.1346  0.0627]\n",
      " [-5.6271  1.4086  1.1312]]\n"
     ]
    }
   ],
   "source": [
    "pca = PCA(n_components=3)\n",
    "X_trunc = pca.fit_transform(X_scaled)\n",
    "print(X_trunc)"
   ]
  },
  {
   "cell_type": "markdown",
   "metadata": {},
   "source": [
    "## Visualizing the PCA"
   ]
  },
  {
   "cell_type": "code",
   "execution_count": 12,
   "metadata": {},
   "outputs": [
    {
     "data": {
